delta_HO

delta_HO =

   1.0e-04 *

   0.198321465801828
   0.201635873789228
   0.583773985833914

>> delta_IH

delta_IH =

   1.0e-03 *

  -0.313541824570186
  -0.491911043649147
   0.353305868705278